孙权 仲谋 65 79 82 96 90
孙坚 文台 90 93 74 73 88
孙策 伯符 91 92 69 70 89
太史慈 子义 96 92 79 62 80
黄盖 公覆 89 85 71 50 75
周瑜 公瑾 85 97 94 90 92
小乔 无 12 16 73 77 93
大乔 无 11 17 72 78 92
张紘 子纲 22 10 87 91 78
张昭 子布 51 46 89 94 81
周泰 幼平 95 76 48 38 60
陆逊 伯言 69 96 95 87 90
程普 德谋 78 84 79 74 83
韩当 义公 84 76 56 51 68
吕蒙 子明 81 91 89 78 82
徐盛 文向 81 85 78 70 73
鲁肃 子敬 56 75 92 95 90
丁奉 承渊 85 84 68 62 70
凌统 公绩 88 80 55 40 71
诸葛瑾 子瑜 34 75 81 87 87
诸葛恪 元逊 47 72 86 80 60
虞翻 仲翔 48 43 82 84 47
顾雍 元叹 18 43 80 86 76
陆抗 幼节 63 89 86 85 87
朱桓 休穆 82 88 79 65 77
孙尚香 无 80 72 70 63 87
步鹫 子由 51 56 82 87 80