吕布 奉先 100 90 26 13 68
貂蝉 无 15 12 85 75 100
陈宫 公台 55 78 89 83 68
公孙瓒 伯圭 83 90 70 46 77
高顺 无 86 85 55 46 69
颜良 如玉 91 82 48 43 41
文丑 叔恶 92 80 44 47 38
袁绍 本初 69 90 70 73 87
张任 公义 84 85 78 59 76
张绣 无 73 80 60 45 59
马腾 寿成 78 80 51 59 88
韩遂 文约 79 85 70 71 72
李儒 文优 26 61 89 85 38
董卓 仲颖 90 81 59 79 20
沮授 无 35 45 92 85 70
卢植 子干 63 87 83 85 81
张角 无 25 86 85 80 98
司马徽 德操 8 13 90 84 92
刘表 景升 31 48 71 80 83
吕玲琦 无 88 81 37 18 56
蔡文姬 无 11 12 80 79 81
孔融 文举 5 30 72 80 65
羊祜 叔子 64 89 84 87 88
邹氏 无 6 4 40 45 88
袁术 公路 68 79 72 80 80
杜预 元凯 40 86 85 84 81
张邈 孟卓 53 53 80 85 86