刘备 玄德 70 85 80 87 100
诸葛亮 孔明 38 91 100 95 89
法正 孝直 47 82 96 81 55
黄月英 无 31 71 92 91 79
庞统 士元 44 80 97 93 70
徐庶 元直 64 84 93 80 81
关羽 云长 97 95 75 62 93
张飞 翼德 99 82 45 33 64
赵云 子龙 96 91 76 65 81
黄忠 汉升 96 90 78 65 80
魏延 文长 92 82 69 49 45
姜维 伯约 87 90 89 67 80
陈到 叔至 83 87 75 69 70
关兴 安国 85 79 78 58 75
李严 正方 43 66 84 87 70
蒋琬 公琰 34 78 84 86 81
费祎 文伟 30 77 83 87 82
傅佥 无 83 73 72 46 62
马云绿 无 87 78 55 46 77
关索 维之 86 79 60 47 74
孟获 无 86 76 42 45 80
董允 休昭 28 47 78 85 79
罗宪 令则 71 84 75 72 73
祝融 无 84 74 29 24 73
廖化 元俭 80 73 64 49 66