曹操 孟德 72 100 91 94 96
郭嘉 奉孝 25 76 99 95 79
荀彧 文若 44 62 97 95 81
程昱 仲德 49 70 90 83 58
贾诩 文和 48 86 97 85 57
张辽 文远 91 96 82 70 84
典韦 恶来 95 73 35 29 58
许褚 仲康 96 68 36 20 59
曹仁 子孝 86 90 56 46 76
徐晃 公明 93 88 78 48 71
庞德 令明 94 80 69 44 70
司马懿 仲达 63 99 96 93 87
张春华 无 55 36 91 76 87
钟会 士季 51 82 91 79 66
邓艾 士载 87 94 89 81 70
刘晔 子扬 32 36 92 84 69
卞氏 无 15 19 83 78 91
陈泰 玄伯 73 84 85 83 80
文鸯 次骞 89 88 60 32 73
甄姬 无 11 12 81 79 80
郝昭 伯道 87 84 65 43 50
曹丕 子桓 71 70 85 83 82
满宠 伯宁 64 82 88 86 68
夏侯令女 无 10 12 82 50 88
郭淮 伯济 78 85 81 75 77
曹彰 子文 86 82 40 35 76
曹植 子建 22 18 80 70 75
邓忠 无 84 78 69 55 71